1954.170044
1959.180054
1964.189941
1969.199951
1974.209961
1979.209961
1984.219971
1989.22998
1994.23999
1999.25
2004.26001
2009.27002
2014.280029
2019.280029
2024.290039
2029.300049
2034.310059
2039.319946
2044.329956
2049.340088
2054.340088
2059.350098
2064.360107
2069.370117
2074.379883
2079.389893
2084.399902
2089.409912
2094.409912
2099.419922
2104.429932
2109.439941
2114.449951
2119.459961
2124.469971
2129.469971
2134.47998
2139.48999
2144.5
2149.51001
2154.52002
2159.530029
2164.540039
2169.540039
2174.550049
2179.560059
2184.570068
2189.580078
2194.590088
2199.600098
2204.600098
2209.610107
2214.620117
2219.629883
2224.639893
2229.649902
2234.659912
2239.669922
2244.669922
2249.679932
2254.689941
2259.699951
2264.709961
2269.719971
2274.72998
2279.72998
2284.73999
2289.75
2294.76001
2299.77002
2304.780029
2309.790039
2314.800049
2319.800049
2324.810059
2329.820068
2334.830078
2339.840088
2344.850098
2349.860107
2354.860107
2359.870117
2364.879883
2369.889893
2374.899902
2379.909912
2384.919922
2389.929932
2394.929932
2399.939941
2404.949951
2409.959961
2414.969971
2419.97998
2424.98999
2429.98999
2435
2440.01001
2445.02002
2450.030029
2455.040039
2460.050049
2465.060059
2470.060059
2475.070068
2480.080078
2485.090088
2490.100098
2495.110107
2500.120117
